is_branch,depth,pred_count,count
0,3,6,5
1,3,22,55
0,3,18,2490
0,3,31,261
0,4,1,3090
1,3,17,5
0,3,26,1377
0,3,10,132
0,4,5,30
0,3,32,190
0,3,21,2779
0,3,12,419
0,3,9,67
1,3,26,1
1,3,16,1
1,2,32,1024
0,3,24,2076
0,3,16,1874
1,3,21,51
0,3,8,30
0,3,5,2
0,3,27,1061
0,3,22,2799
1,3,18,6
0,3,28,825
0,4,3,566
0,4,6,8
0,3,29,535
0,3,20,2940
0,4,4,126
1,3,25,10
1,3,24,12
0,3,13,666
0,3,17,2147
1,3,23,39
0,3,30,383
1,3,20,47
0,3,15,1392
1,0,32,1
0,3,7,11
0,3,14,985
0,4,2,1584
0,3,11,251
1,1,32,32
1,3,19,27
0,3,19,2755
0,3,25,1751
0,3,23,2311
