is_branch,depth,pred_count,count
1,3,22,2846
0,3,18,71
0,4,9,2
1,3,27,191
0,3,31,2301
0,4,1,175147
0,3,26,1413
1,3,17,140
0,3,10,1
1,3,28,56
0,4,5,2369
0,3,21,292
0,3,32,2306
1,3,26,520
1,3,16,29
1,2,32,1024
0,3,16,26
0,3,24,904
1,3,30,1
1,3,21,2561
1,3,29,15
0,3,22,495
0,3,27,1674
1,3,18,389
0,3,28,1887
0,4,3,37910
0,4,6,459
0,4,7,74
0,3,20,219
0,3,29,2094
0,4,4,10706
1,3,15,5
1,3,25,988
0,3,13,1
0,3,17,54
0,3,30,2232
1,3,24,1807
1,3,23,2475
0,3,15,11
1,3,20,1829
1,0,32,1
0,4,8,14
0,3,14,7
0,4,2,101239
1,1,32,32
0,3,19,152
0,3,25,1114
1,3,19,1017
0,3,23,645
