is_branch,depth,pred_count,count
1,3,22,609
0,3,18,836
1,3,27,18
0,3,31,1440
0,4,1,37252
1,3,17,48
0,3,26,2628
0,3,10,14
1,3,28,5
0,4,5,428
0,3,32,1136
0,3,21,1809
0,3,12,40
0,3,9,3
1,3,26,41
1,3,16,11
1,2,32,1024
0,3,16,380
0,3,24,2509
0,3,8,1
1,3,21,611
0,3,27,2487
0,3,22,2022
1,3,18,117
0,3,28,2156
0,4,3,7211
0,4,6,63
0,4,7,11
0,3,20,1432
0,3,29,2062
0,4,4,1860
1,3,25,150
0,3,13,76
1,3,24,286
1,3,23,488
0,3,17,566
0,3,30,1703
1,3,20,455
0,3,15,244
1,0,32,1
0,4,8,1
0,3,11,18
0,3,14,127
0,4,2,20147
1,1,32,32
0,3,19,1119
1,3,19,264
0,3,25,2542
0,3,23,2315
