is_branch,depth,pred_count,count
1,3,22,4369
0,3,18,1
0,4,9,7
1,3,27,1317
0,3,31,803
0,4,1,328743
0,3,26,194
1,3,31,6
1,3,17,100
0,4,10,1
1,3,28,579
0,3,21,16
0,4,5,7198
0,3,32,1036
1,3,26,2412
1,3,16,23
1,2,32,1024
0,3,24,62
1,3,30,49
1,3,21,3187
1,3,29,214
0,3,22,25
0,3,27,249
1,3,18,356
0,3,28,347
0,4,3,89757
0,4,6,1521
0,3,20,7
0,3,29,452
0,4,7,276
0,4,4,28610
1,3,15,5
1,3,25,3785
0,3,30,686
1,3,23,4886
1,3,24,4661
1,3,20,1873
1,0,32,1
0,4,8,49
0,4,2,211149
1,1,32,32
0,3,19,4
0,3,25,126
1,3,19,897
0,3,23,41
