is_branch,depth,pred_count,count
1,4,19,35
1,4,22,65
0,4,26,8989
0,4,9,16334
1,3,32,32768
0,4,28,3377
0,4,21,55007
0,5,2,1830
0,4,10,27148
0,5,3,607
0,5,1,3587
1,4,24,19
0,5,4,165
0,4,5,630
1,4,26,3
1,4,20,43
0,4,16,102077
0,5,5,30
0,4,27,5477
0,4,19,82229
1,2,32,1024
1,4,17,5
0,5,6,4
1,4,25,8
0,4,20,68322
0,4,23,30166
0,4,11,41019
1,4,21,54
0,4,24,21073
0,4,13,73913
1,4,23,42
1,4,16,1
0,4,3,44
0,4,18,93179
1,4,18,14
0,4,6,1693
0,4,30,1143
0,4,7,4221
0,4,22,41630
0,4,17,100782
0,4,4,196
0,4,29,1894
0,4,25,13906
0,4,14,88544
0,4,12,57252
0,4,31,570
0,4,15,98289
1,0,32,1
0,4,2,9
0,4,32,317
0,4,8,8854
1,1,32,32
1,4,27,3
