is_branch,depth,pred_count,count
1,4,22,2
0,4,26,838
0,4,9,59709
1,3,32,32765
0,4,28,197
0,4,1,18
1,3,31,3
0,4,21,15055
0,5,2,40
0,4,10,80405
0,5,3,12
0,5,1,76
0,5,4,4
0,4,5,5576
1,4,20,1
1,4,26,1
0,4,16,82833
0,4,27,387
0,4,19,34726
1,2,32,1024
0,4,20,23418
0,4,23,5392
0,4,11,98490
1,4,21,2
0,4,24,2985
0,4,13,114496
0,4,3,599
0,4,18,48965
0,4,6,12603
0,4,30,55
0,4,22,9230
0,4,7,23772
0,4,17,65730
0,4,29,94
0,4,4,2042
0,4,25,1615
0,4,12,111064
0,4,14,109607
0,4,31,10
0,4,15,98410
1,0,32,1
0,4,32,2
0,4,2,140
0,4,8,40104
1,1,32,32
