is_branch,depth,pred_count,count
1,4,19,897
1,4,22,1657
0,4,26,44328
0,4,9,1972
1,3,32,32768
1,4,15,2
0,4,28,25406
1,4,28,6
0,4,21,90889
0,5,2,52954
0,4,10,4108
0,5,3,18328
0,5,1,97712
0,4,5,29
1,4,24,543
0,5,4,4684
1,4,26,75
1,4,20,1415
0,4,16,57772
0,5,5,938
0,4,27,33960
0,4,19,88063
1,2,32,1024
1,4,17,148
0,5,6,141
1,4,25,224
0,4,20,91977
0,4,23,77329
0,4,11,7780
0,5,7,17
1,4,21,1738
0,4,13,21669
0,4,24,66960
1,4,23,1078
0,4,3,1
1,4,16,26
0,4,18,80958
0,4,6,92
1,4,18,410
0,4,7,321
0,4,22,85440
0,4,17,70566
0,4,30,12377
1,4,14,2
0,4,4,7
0,4,29,17945
0,4,14,32207
0,4,12,13767
0,4,25,55642
0,5,8,2
0,4,31,8282
0,4,15,44286
1,0,32,1
0,4,8,908
0,4,32,5293
1,1,32,32
1,4,27,21
