is_branch,depth,pred_count,count
1,4,19,9108
1,4,22,19795
0,4,26,81380
0,4,9,79
1,3,32,32768
1,4,15,63
0,4,28,71622
1,4,28,93
0,4,21,56477
0,4,10,212
0,5,2,654220
0,5,1,1187896
0,5,3,234470
1,4,24,8850
0,5,4,61157
1,4,26,1430
0,4,16,12321
1,4,20,15514
0,5,5,12674
1,4,30,3
0,4,27,78042
0,4,19,36164
1,2,32,1024
1,4,17,1370
0,5,6,2103
0,4,20,46280
1,4,25,3930
0,4,11,560
0,4,23,74145
0,5,7,301
0,4,13,2416
1,4,21,20158
0,4,24,80414
1,4,23,15063
0,5,9,2
1,4,29,19
1,4,16,330
0,4,18,26205
0,4,6,3
1,4,18,4073
0,4,7,6
0,4,17,18484
0,4,22,66428
0,4,30,54987
1,4,14,4
0,4,29,63841
0,4,12,1203
0,4,14,4365
0,4,25,82662
0,5,8,40
0,4,15,7633
0,4,31,46016
1,0,32,1
0,4,8,41
0,4,32,36405
1,1,32,32
1,4,27,382
