is_branch,depth,pred_count,count
1,4,19,32327
1,4,22,90507
0,4,26,44383
0,4,9,3
1,3,32,32768
1,4,15,173
0,4,28,60711
0,4,21,10627
1,4,28,1751
0,4,10,2
0,5,2,3230948
0,5,10,5
0,5,3,1224620
0,5,1,5580797
1,4,24,56885
0,5,4,341798
0,4,16,798
1,4,20,58091
1,4,26,15408
1,4,31,7
0,5,5,75189
1,4,30,83
0,4,19,4330
0,4,27,53287
1,2,32,1024
1,4,17,4274
0,5,6,13542
0,4,20,6913
1,4,25,32551
0,4,11,9
0,4,23,21270
0,4,13,75
0,4,24,28438
0,5,7,2087
1,4,21,82304
1,4,23,79947
0,5,9,15
1,4,29,451
0,4,18,2584
1,4,16,907
1,4,18,13288
0,4,7,1
0,4,17,1421
0,4,22,15325
0,4,30,71553
1,4,14,21
0,4,29,66795
0,4,14,191
0,4,12,36
0,4,25,36572
0,5,8,288
0,4,15,371
0,4,31,73829
1,0,32,1
1,4,13,1
0,4,32,74104
1,1,32,32
1,4,27,5972
