is_branch,depth,pred_count,count
1,4,19,29568
1,4,22,139334
0,4,26,5557
1,3,32,32768
1,4,15,126
0,4,28,11498
0,4,21,438
1,4,28,18722
0,5,2,6757954
0,5,10,22
0,5,3,2881332
0,5,1,10495075
1,4,24,148189
0,5,4,913633
0,4,16,7
1,4,20,61623
1,4,26,78031
1,4,31,279
0,5,5,230568
0,4,19,114
1,4,30,1585
0,4,27,8007
1,2,32,1024
1,4,17,3309
0,5,6,48473
0,4,20,236
1,4,25,117492
0,4,23,1276
0,4,13,1
0,5,7,8796
0,4,24,2234
1,4,21,103025
1,4,23,156355
0,4,18,51
0,5,9,180
1,4,16,760
1,4,29,6370
1,4,18,11290
0,4,17,35
0,4,22,771
0,4,30,20666
1,4,14,11
1,4,32,25
0,4,29,15690
0,4,14,1
0,4,25,3573
0,5,8,1337
0,4,15,2
0,4,31,26629
1,0,32,1
0,4,32,32888
1,1,32,32
1,4,27,42808
