is_branch,depth,pred_count,count
1,4,19,6339
1,4,22,67951
0,4,26,105
1,3,32,32768
1,4,15,17
0,4,28,316
0,4,21,3
1,4,28,93434
0,5,2,8501705
0,5,10,137
0,5,1,10997493
0,5,3,4377357
0,5,12,3
1,4,24,149100
0,5,4,1690186
1,4,20,16529
1,4,26,174697
1,4,31,4191
0,5,5,520432
0,4,27,195
1,4,30,17331
1,2,32,1024
1,4,17,528
0,5,6,134654
0,4,20,1
1,4,25,176471
0,4,23,12
0,5,11,23
0,4,24,24
0,5,7,29870
1,4,21,35638
1,4,23,108411
1,4,16,103
0,5,9,996
1,4,29,47208
1,4,18,2035
0,4,22,8
0,4,30,913
1,4,14,2
1,4,32,485
0,4,29,556
0,4,25,46
0,5,8,5645
0,4,31,1461
1,0,32,1
0,4,32,2232
1,1,32,32
1,4,27,142234
